Fecha,Pruebas realizadas,Casos Confirmados Totales,Casos Descartados Totales,Recuperados Totales,Fallecidos totales,Nuevos Casos Reportados,Nuevos Casos Descartados ,Nuevos Casos Recuperados,Nuevos Casos Fallecidos,Casos Importados,Casos Relacionados ,Casos en Estudio ,Pruebas procesadas diarias,Incremento en pruebas procesadas diarias,Pruebas procesadas FIND
3/6/20,712,1,,0,0,1,,0,0,1,0,0,0,0,
3/7/20,744,1,,0,0,0,,0,0,1,0,0,32,32,
3/8/20,815,1,,0,0,0,,0,0,1,0,0,71,39,
3/9/20,856,3,,0,0,2,,0,0,3,0,0,41,-30,
3/10/20,981,3,,0,0,0,,0,0,3,0,0,125,84,
3/11/20,1169,9,,0,0,6,,0,0,6,3,0,188,63,
3/12/20,1479,13,,0,0,4,,0,0,10,3,0,310,122,
3/13/20,1798,16,,0,0,3,,0,0,13,3,0,319,9,
3/14/20,2141,24,,0,0,8,,0,0,17,7,0,343,24,
3/15/20,2350,45,,0,0,21,,0,0,31,14,0,209,-134,
3/16/20,2680,57,,0,0,12,,0,0,39,18,0,330,121,2571
3/17/20,3123,75,,0,0,18,,0,0,51,24,0,443,113,2871
3/18/20,3708,102,3120,0,0,27,3120,0,0,65,37,0,585,142,3623
3/19/20,4353,128,3515,0,0,26,395,0,0,82,44,2,645,60,3623
3/20/20,4911,158,3958,0,0,47,443,0,0,100,54,4,558,-87,4103
3/21/20,5502,196,4834,0,1,21,876,0,1,123,66,7,591,33,4103
3/22/20,6542,277,5253,0,2,81,419,0,1,175,87,15,1040,449,5188
3/23/20,7546,306,6474,6,3,29,1221,6,1,201,94,11,1004,-36,6783
3/24/20,8534,378,7240,6,3,72,766,0,0,236,119,23,988,-16,6783
3/25/20,8898,470,7986,8,4,92,746,2,1,267,167,37,364,-624,8460
3/26/20,9971,491,8417,8,6,21,431,0,2,279,171,41,1073,709,8460
3/27/20,11384,539,8675,10,6,48,258,2,0,295,192,52,1413,340,9214
3/28/20,,608,10040,10,6,69,1365,0,0,327,215,66,1434,21,10648
3/29/20,16064,702,11514,10,10,94,1474,0,4,358,263,81,5416,3982,12216
3/30/20,,798,13005,15,14,96,1491,5,4,405,278,115,1587,-3829,12216
3/31/20,,906,16674,31,16,108,3669,16,2,446,316,144,3777,2190,13803
4/1/20,,1065,18905,39,17,159,2231,8,1,485,366,214,2390,-1387,19970
4/2/20,,1161,19968,55,19,96,1063,16,2,524,379,258,1159,-1231,19970
4/3/20,,1267,21202,55,25,106,1234,0,6,541,414,312,1340,181,21129
4/4/20,,1406,22300,85,32,139,1098,30,7,575,428,403,1237,-103,23706
4/5/20,27685,1485,23779,88,35,79,1479,3,3,591,456,438,3979,2742,25264
4/6/20,,1579,26106,88,46,94,2327,0,11,599,499,480,2421,-1558,27685
4/7/20,,1780,28655,100,50,201,2549,12,4,635,578,567,2750,329,27685
4/8/20,,2054,31521,123,55,274,2866,23,5,746,692,616,3140,390,30445
4/9/20,,2223,33697,174,69,169,2176,51,14,853,707,663,2345,-795,33575
4/10/20,,2473,35120,197,80,250,1423,23,11,976,758,738,1673,-672,34910
4/11/20,,2709,37894,214,100,236,2774,17,20,1126,828,755,3010,1337,37593
4/12/20,41798,2776,38989,270,109,67,1095,56,9,755,862,1159,1195,-1815,40603
4/13/20,43053,2852,40201,319,112,76,1212,49,3,759,905,1188,1255,60,41765
4/14/20,46781,2979,43802,354,127,127,,35,15,772,966,1241,3728,2473,41765
4/15/20,48628,3105,45523,452,131,126,1721,98,4,770,991,1344,1847,-1881,41765
4/16/20,52085,3233,48852,550,144,128,3329,98,13,772,1041,1420,3457,1610,41765
4/17/20,55573,3439,52134,634,153,206,3282,84,9,779,1160,1500,3488,31,41765
4/18/20,59002,3621,55381,691,166,182,3247,57,13,782,1240,1599,3429,-59,
4/19/20,62746,3792,58954,711,179,171,3573,20,13,784,1304,1704,3744,315,
4/20/20,65169,3977,61192,804,189,185,2238,93,10,787,1341,1849,2423,-1321,
4/21/20,68428,4149,64279,804,196,172,3087,0,7,794,1423,1930,3259,836,
4/22/20,71500,4356,67144,870,206,207,2865,66,10,798,1538,2017,3072,-187,
4/23/20,74957,4561,70396,927,215,205,3252,57,9,821,1642,2098,3457,385,
4/24/20,78078,4881,73197,1003,223,320,2801,76,10,809,1710,2362,3121,-336,
4/25/20,81146,5142,76004,1067,233,261,2807,64,8,808,1768,2566,3068,-53,
4/26/20,87199,5379,81820,1133,244,237,5816,66,11,807,1868,2704,6053,2985,
4/27/20,90899,5597,85092,1210,253,218,3272,77,9,809,1928,2860,3700,-2353,
4/28/20,95085,5949,87868,1268,269,352,2776,58,16,813,2086,3050,4186,486,
4/29/20,100157,6211,92535,1411,278,262,4667,143,9,816,2126,459,5072,886,
4/30/20,104657,6507,96715,1439,293,296,4180,28,15,818,2157,3532,4500,-572,
5/1/20,108950,7006,100393,1551,314,499,3678,112,21,823,2356,3827,4293,-207,
5/2/20,114602,7285,105651,1666,324,279,5258,115,10,824,2408,4053,5652,1359,
5/3/20,118801,7668,109411,1722,340,383,3760,56,16,821,2512,4335,4199,-1453,
5/4/20,123029,7973,113249,1807,358,305,3838,85,18,821,2563,4589,4228,29,
5/5/20,127105,8613,116479,2013,378,640,3230,206,20,823,2758,5032,4076,-152,
5/6/20,131110,8959,120003,2148,397,346,3524,135,19,822,2966,5171,4005,-71,
5/7/20,135352,9456,123748,2300,407,497,3745,152,10,822,3169,5465,4242,237,
5/8/20,139739,10051,127416,2424,428,595,3668,124,21,832,3267,5950,4387,145,
5/9/20,144912,10495,131848,2569,445,444,4432,145,17,832,3371,6292,5173,786,
5/10/20,151396,11063,137628,2705,463,568,5780,136,18,832,3440,6791,6484,1311,
5/11/20,158933,11613,144495,2825,479,550,6867,120,16,832,3576,7205,7537,1053,
5/12/20,165738,12272,150495,2971,493,659,6000,146,14,835,3738,7699,6805,-732,
5/13/20,171799,12930,155736,3133,509,658,5241,162,16,840,3859,8231,6061,-744,
5/14/20,177050,13610,160082,3358,525,680,4346,225,16,840,4082,8688,5251,-810,
5/15/20,183112,14216,165456,3460,546,606,5374,102,21,840,4137,9239,6062,811,
5/16/20,190114,14939,171588,3587,562,723,6132,127,16,841,4243,9850,7002,940,
5/17/20,196417,15574,177092,3751,574,635,5504,164,12,842,4323,10283,6303,-699,
5/18/20,201808,16295,181690,3903,592,721,4598,152,18,844,4443,11008,5391,-912,
5/19/20,208046,16935,187062,4050,613,640,5372,147,21,844,4663,11428,6238,847,
5/20/20,214536,17687,192594,4256,630,752,5532,206,17,845,4791,12051,6490,252,
5/21/20,222210,18330,199350,4431,652,643,6756,175,22,844,4964,12522,7674,1184,
5/22/20,235948,19131,212243,4575,682,801,12893,144,30,843,5185,13103,13738,6064,
5/23/20,243119,20177,218225,4718,705,1046,5982,143,23,846,5309,14021,7171,-6567,
5/24/20,252742,21175,224417,5016,727,998,6192,298,22,846,5811,14518,9623,2452,
5/25/20,260812,21981,231420,5265,750,806,7003,249,23,849,6066,15066,8070,-1553,
5/26/20,271118,23003,240458,5511,776,1022,9038,246,26,850,6324,15827,10306,2236,
5/27/20,283346,24104,251103,6111,803,1101,10645,600,27,850,6409,16845,12228,1922,
5/28/20,295614,25366,263583,6665,822,1262,12480,554,19,850,6568,17948,12268,40,
5/29/20,306411,26688,272810,6913,853,1322,9227,248,31,850,6797,19041,10797,-1471,
5/30/20,319779,28236,284422,7121,890,1548,11612,208,37,851,6902,20483,13368,2571,
5/31/20,331817,29383,302434,8543,939,1147,18012,1422,49,857,7068,21458,12038,-1330,
6/1/20,341142,30493,310649,9661,969,1110,8215,1118,30,857,7217,22419,9325,-2713,
6/2/20,350213,31833,318380,11142,1009,1340,17392,1481,40,857,7305,23671,9071,-254,
6/3/20,362432,33354,329078,12288,1045,1521,10698,1146,36,869,7409,25076,12219,3148,
6/4/20,374592,35120,339472,12921,1087,1766,10394,633,42,871,7652,26597,12160,-59,
6/5/20,386938,36635,350303,13638,1145,1515,10831,717,58,871,8036,27728,12346,186,
6/6/20,399505,38027,361478,14382,1205,1392,11175,744,60,872,8281,28874,12567,221,
6/7/20,410719,39236,371483,15322,1259,1209,10005,940,54,872,8353,30011,11214,-1353,
6/8/20,421723,40719,381004,16427,1308,1483,9521,1105,49,873,8417,31429,11004,-210,
6/9/20,432870,42078,390792,16534,1372,1359,9788,107,64,873,8590,32615,11147,143,
6/10/20,444933,43682,401251,17333,1433,1604,10459,799,61,876,8686,34120,12063,916,
6/11/20,458324,45212,413112,17790,1488,1530,11861,457,55,875,8733,35604,13391,1328,
6/12/20,470351,46858,423493,18715,1545,1646,10381,925,57,875,8773,37210,12027,-1364,
6/13/20,482832,48746,434086,19426,1592,1888,10593,711,47,875,8777,39094,12481,454,
6/14/20,495024,50939,444085,19822,1667,2193,9999,396,75,875,9222,40842,12192,-289,
6/15/20,507588,53063,454525,19952,1726,2124,10440,130,59,877,9381,42805,12564,372,
6/16/20,519990,54931,465059,20366,1801,1868,10534,414,75,877,9480,44574,12402,-162,
6/17/20,535220,57046,478174,21326,1864,2115,13115,960,63,877,9600,46569,15230,2828,
6/18/20,550611,60217,490394,22680,1950,3171,12220,1354,86,877,9729,49611,15391,161,
6/19/20,568324,63276,505048,23988,2045,3059,14654,1308,95,875,9819,52582,17713,2322,
6/20/20,585822,65633,520189,25499,2126,2357,15141,1511,81,879,9908,54846,17498,-215,
6/21/20,604273,68652,535621,27360,2237,3019,15432,1861,111,885,9943,57824,18451,953,
6/22/20,620288,71183,549105,28968,2310,2531,13484,1608,73,885,10007,60291,16015,-2436,
6/23/20,634611,73572,561039,30459,2404,2389,11934,1491,94,916,10034,62621,14323,-1692,
6/24/20,651592,77113,574479,31671,2491,3541,13440,1212,87,917,10089,66107,16981,2658,
6/25/20,670093,80599,589494,33349,2654,3486,15015,1678,163,917,10401,69281,18501,1520,
6/26/20,688959,84442,604517,34937,2811,3843,15023,1588,157,917,10808,72717,18866,3843,
6/27/20,707688,88591,619097,36273,2939,4149,14580,1336,128,916,12640,75035,18729,4149,
6/28/20,725828,91769,634059,38280,3106,3178,14962,2007,167,922,13164,77683,18140,3178,
6/29/20,743437,95043,648394,39954,3223,3274,14335,1674,117,923,13463,80657,17609,3274,
6/30/20,760719,97846,662873,42073,3334,2803,14479,2119,111,928,13507,83329,17282,2803,
7/1/20,778773,102009,676764,43407,3470,4163,13891,1334,136,928,13660,87338,18054,4163,
7/2/20,798108,106110,691998,44531,3641,4101,15234,1124,171,929,13812,91369,19335,4101,
7/3/20,818703,109505,709198,45334,3777,3395,17200,803,136,930,14012,94563,20595,3395,
7/4/20,839731,113398,726333,46563,3942,3893,17135,1229,165,932,14118,98339,21028,3893,
7/5/20,860759,117110,743649,47881,4064,3712,17316,1318,122,932,14511,101667,21028,3712,
7/6/20,881190,120281,760909,50370,4210,3171,17260,2489,146,932,14902,104447,20431,3171,
7/7/20,902305,124494,777811,51861,4359,4213,16902,1491,149,955,14950,108589,21115,4213,
7/8/20,923714,128638,795076,51861,4527,4144,17265,0,168,957,15071,112610,21409,4144,
7/9/20,945240,133973,811267,56272,4714,5335,16191,4411,187,958,15105,117910,21526,5335,
7/10/20,968465,140776,827689,58800,4925,6803,16422,2528,211,959,15211,124606,23225,6803,
7/11/20,1006093,145362,860731,61186,5119,4586,33042,2386,194,963,15745,128654,37628,4586,
7/12/20,1031230,150445,880785,63451,5307,5083,20054,2265,188,963,15849,133633,25137,5083,
7/13/20,1056814,154277,902537,65809,5455,3832,21752,2358,148,963,15884,137430,25584,3832,
7/14/20,1082415,159898,922517,68806,5625,5621,19980,2997,170,963,16176,142459,25601,5621,
7/15/20,1108148,165169,942979,71736,5814,5271,20462,2930,189,965,16250,147954,25733,5271,
7/16/20,1133148,173206,959942,76164,6029,8037,16963,4428,215,965,16992,155030,25000,8037,
7/17/20,1159562,182140,977422,80637,6288,8934,17480,4473,259,965,17087,164088,26414,8934,
7/18/20,1185984,190700,995284,85836,6516,8560,17862,5199,228,967,17143,172590,26422,8560,
7/19/20,1210063,197278,1012785,91793,6736,6578,17501,5957,220,965,17547,178766,24079,6578,
7/20/20,1236569,204005,1032564,95804,6929,6727,19779,4011,193,965,17611,185429,26506,6727,
7/21/20,1263700,211038,1052662,98840,7166,7033,20098,3036,237,966,17769,192303,27131,7033,
7/22/20,1292501,218428,1074073,101613,7373,7390,21411,2773,207,966,17849,199613,28801,7390,
7/23/20,1320935,226373,1094562,107951,7688,7945,20489,6338,315,969,18391,207013,28434,7945,
7/24/20,1349502,233541,1115961,113864,7975,7168,21399,5913,287,969,18424,214148,28567,7168,
7/25/20,1379043,240795,1138248,119667,8269,7254,22287,5803,294,969,18796,221013,29541,7254,
7/26/20,1409124,248976,1160148,125037,8525,8181,21900,5370,256,970,18916,229090,30081,8181,
7/27/20,1439436,257101,1182335,131161,8777,8125,22187,6124,252,972,18983,237129,30312,8125,
7/28/20,1470613,267385,1203228,136690,9074,10284,20893,5529,297,972,19591,246805,31177,10284,
7/29/20,1502809,276055,1226754,142777,9454,8670,23526,6087,380,975,19694,255369,32196,8670,
7/30/20,1537689,286020,1251669,148695,9810,9965,24915,5918,356,975,20046,264982,34880,9965,
7/31/20,1573679,295508,1278171,154387,10105,9488,26502,5692,295,975,20468,274048,35990,9488,
8/1/20,1609729,306181,1303548,160708,10330,10673,25377,6321,225,975,20745,284444,36050,10673,
8/2/20,1647395,317651,1329744,167239,10650,11470,26196,6531,320,975,20777,295756,37666,11470,
8/3/20,1685530,327850,1357680,173727,11017,10199,27936,6488,367,976,21068,305660,38135,10199,
8/4/20,1723508,334979,1388529,180258,11315,7129,30849,6531,298,976,21337,312523,37978,7129,